0 1
0 1
1 4
1 4
2 8
2 8
3 13
3 13
4 22
4 22
5 29
5 29
6 42
6 42
7 54
7 54
8 68
8 68
9 85
9 85
10 103
10 103
11 125
11 125
12 143
12 143
13 167
13 167
14 193
14 193
15 222
15 222
16 248
16 248
17 281
17 281
18 310
18 310
19 349
19 349
20 381
20 381
21 420
21 420
22 461
22 461
23 499
23 499
24 543
24 543
25 580
25 580
26 628
26 628
27 672
27 672
28 728
28 728
29 772
29 772
30 836
30 836
31 881
31 881
32 942
32 942
33 986
33 986
34 1056
34 1056
35 1102
35 1102
36 1190
36 1190
37 1226
37 1226
38 1314
38 1314
39 1351
39 1351
40 1463
40 1463
41 1500
41 1500
42 1613
42 1613
43 1650
43 1650
44 1764
44 1764
45 1796
45 1796
46 1924
46 1924
47 1960
47 1960
48 2088
48 2088
49 2124
49 2124
50 2264
50 2264
51 2302
51 2302
52 2443
52 2443
53 2482
53 2482
54 2632
54 2632
55 2669
55 2669
56 2826
56 2826
57 2857
57 2857
58 3023
58 3023
59 3057
59 3057
60 3237
60 3237
61 3267
61 3267
62 3482
62 3482
63 3525
63 3525
64 3748
64 3748
65 3787
65 3787
66 4012
66 4012
67 4055
67 4055
68 4284
68 4284
69 4296
69 4296
70 4529
70 4529
71 4549
71 4549
72 4771
72 4771
73 4803
73 4803
74 5023
74 5023
75 5064
75 5064
76 5288
76 5288
77 5337
77 5337
78 5552
78 5552
79 5614
79 5614
80 5841
80 5841
81 5909
81 5909
82 6125
82 6125
83 6191
83 6191
84 6417
84 6417
85 6496
85 6496
86 6713
86 6713
87 6795
87 6795
88 7023
88 7023
89 7120
89 7120
90 7337
90 7337
91 7444
91 7444
92 7662
92 7662
93 7758
93 7758
94 7986
94 7986
95 8095
95 8095
96 8318
96 8318
97 8434
97 8434
98 8660
98 8660
99 8780
99 8780
100 9015
100 9015
101 9150
101 9150
102 9380
102 9380
103 9514
103 9514
104 9734
104 9734
105 9874
105 9874
106 10105
106 10105
107 10261
107 10261
108 10488
108 10488
109 10628
109 10628
110 10865
110 10865
111 11024
111 11024
112 11265
112 11265
113 11426
113 11426
114 11659
114 11659
115 11834
115 11834
116 12066
116 12066
117 12241
117 12241
118 12474
118 12474
119 12662
119 12662
120 12879
120 12879
121 13074
121 13074
122 13311
122 13311
123 13518
123 13518
124 13751
124 13751
125 13942
125 13942
126 14174
126 14174
127 14387
127 14387
128 14611
128 14611
129 14839
129 14839
130 15066
130 15066
131 15291
131 15291
132 15522
132 15522
133 15758
133 15758
134 15980
134 15980
135 16228
135 16228
136 16441
136 16441
137 16700
137 16700
138 16921
138 16921
139 17183
139 17183
140 17421
140 17421
141 17677
141 17677
142 17907
142 17907
143 18172
143 18172
144 18397
144 18397
145 18684
145 18684
146 18920
146 18920
147 19202
147 19202
148 19431
148 19431
149 19729
149 19729
150 19959
150 19959
151 20266
151 20266
152 20488
152 20488
153 20799
153 20799
154 21018
154 21018
155 21333
155 21333
156 21549
156 21549
157 21865
157 21865
158 22084
158 22084
159 22427
159 22427
160 22658
160 22658
161 23015
161 23015
162 23230
162 23230
163 23577
163 23577
164 23783
164 23783
165 24144
165 24144
166 24346
166 24346
167 24757
167 24757
168 24928
168 24928
169 25319
169 25319
170 25498
170 25498
171 25941
171 25941
172 26105
172 26105
173 26554
173 26554
174 26717
174 26717
175 27161
175 27161
176 27304
176 27304
177 27785
177 27785
178 27935
178 27935
179 28405
179 28405
180 28543
180 28543
181 29046
181 29046
182 29190
182 29190
183 29686
183 29686
184 29815
184 29815
185 30339
185 30339
186 30451
186 30451
187 30987
187 30987
188 31083
188 31083
189 31638
189 31638
190 31727
190 31727
191 32318
191 32318
192 32390
192 32390
193 33052
193 33052
194 33183
194 33183
195 33858
195 33858
196 33976
196 33976
197 34647
197 34647
198 34768
198 34768
199 35443
199 35443
200 35498
200 35498
201 36141
201 36141
202 36208
202 36208
203 36824
203 36824
204 36921
204 36921
205 37516
205 37516
206 37628
206 37628
207 38230
207 38230
208 38363
208 38363
209 38935
209 38935
210 39096
210 39096
211 39691
211 39691
212 39860
212 39860
213 40430
213 40430
214 40593
214 40593
215 41174
215 41174
216 41368
216 41368
217 41922
217 41922
218 42119
218 42119
219 42681
219 42681
220 42912
220 42912
221 43460
221 43460
222 43705
222 43705
223 44237
223 44237
224 44465
224 44465
225 45006
225 45006
226 45266
226 45266
227 45791
227 45791
228 46066
228 46066
229 46582
229 46582
230 46863
230 46863
231 47403
231 47403
232 47716
232 47716
233 48231
233 48231
234 48542
234 48542
235 49031
235 49031
236 49348
236 49348
237 49856
237 49856
238 50206
238 50206
239 50700
239 50700
240 51018
240 51018
241 51525
241 51525
242 51886
242 51886
243 52397
243 52397
244 52753
244 52753
245 53242
245 53242
246 53621
246 53621
247 54112
247 54112
248 54485
248 54485
249 54971
249 54971
250 55369
250 55369
251 55820
251 55820
252 56227
252 56227
253 56717
253 56717
254 57144
254 57144
255 57622
255 57622
256 58010
256 58010
257 58483
257 58483
258 58915
258 58915
259 59368
259 59368
260 59826
260 59826
261 60282
261 60282
262 60731
262 60731
263 61190
263 61190
264 61658
264 61658
265 62097
265 62097
266 62584
266 62584
267 63003
267 63003
268 63508
268 63508
269 63938
269 63938
270 64448
270 64448
271 64907
271 64907
272 65401
272 65401
273 65839
273 65839
274 66351
274 66351
275 66777
275 66777
276 67325
276 67325
277 67768
277 67768
278 68306
278 68306
279 68731
279 68731
280 69298
280 69298
281 69719
281 69719
282 70301
282 70301
283 70706
283 70706
284 71287
284 71287
285 71687
285 71687
286 72273
286 72273
287 72668
287 72668
288 73252
288 73252
289 73646
289 73646
290 74276
290 74276
291 74694
291 74694
292 75344
292 75344
293 75729
293 75729
294 76362
294 76362
295 76730
295 76730
296 77382
296 77382
297 77740
297 77740
298 78474
298 78474
299 78780
299 78780
300 79474
300 79474
301 79795
301 79795
302 80569
302 80569
303 80860
303 80860
304 81645
304 81645
305 81934
305 81934
306 82708
306 82708
307 82962
307 82962
308 83796
308 83796
309 84060
309 84060
310 84872
310 84872
311 85112
311 85112
312 85978
312 85978
313 86228
313 86228
314 87079
314 87079
315 87298
315 87298
316 88196
316 88196
317 88383
317 88383
318 89298
318 89298
319 89459
319 89459
320 90403
320 90403
321 90547
321 90547
322 91549
322 91549
323 91663
323 91663
324 92772
324 92772
325 92991
325 92991
326 94118
326 94118
327 94315
327 94315
328 95428
328 95432
329 95619
329 95631
330 96728
330 96752
331 96810
331 96850
332 97843
332 97903
333 97933
333 98017
334 98920
334 99027
335 99045
335 99189
336 99991
336 100159
337 100126
337 100342
338 101075
338 101322
339 101236
339 101539
340 102135
340 102468
341 102328
341 102728
342 103251
342 103691
343 103443
343 103961
344 104325
344 104885
345 104510
345 105145
346 105392
346 106081
347 105618
347 106390
348 106446
348 107281
349 106669
349 107593
350 107489
350 108489
351 107761
351 108854
352 108554
352 109733
353 108843
353 110116
354 109594
354 110962
355 109864
355 111322
356 110609
356 112176
357 110920
357 112587
358 111637
358 113414
359 111959
359 113848
360 112643
360 114654
361 112968
361 115096
362 113689
362 115941
363 114045
363 116432
364 114714
364 117232
365 115071
365 117720
366 115698
366 118478
367 116053
367 118972
368 116694
368 119757
369 117085
369 120301
370 117697
370 121062
371 118048
371 121558
372 118671
372 122335
373 119062
373 122898
374 119687
374 123679
375 120058
375 124230
376 120648
376 124975
377 121036
377 125558
378 121628
378 126308
379 121997
379 126879
380 122576
380 127618
381 122967
381 128226
382 123507
382 128911
383 123893
383 129530
384 124470
384 130273
385 124869
385 130920
386 125425
386 131643
387 125772
387 132228
388 126317
388 132942
26501365 616951804315987
