0 1
1 4
2 8
3 13
4 22
5 29
6 42
7 54
8 68
9 85
10 103
11 125
12 143
13 167
14 193
15 222
16 248
17 281
18 310
19 349
20 381
21 420
22 461
23 499
24 543
25 580
26 628
27 672
28 728
29 772
30 836
31 881
32 942
33 986
34 1056
35 1102
36 1190
37 1226
38 1314
39 1351
40 1463
41 1500
42 1613
43 1650
44 1764
45 1796
46 1924
47 1960
48 2088
49 2124
50 2264
51 2302
52 2443
53 2482
54 2632
55 2669
56 2826
57 2857
58 3023
59 3057
60 3237
61 3267
62 3482
63 3525
64 3748
65 3787
66 4012
67 4055
68 4284
69 4296
70 4529
71 4549
72 4771
73 4803
74 5023
75 5064
76 5288
77 5337
78 5552
79 5614
80 5841
81 5909
82 6125
83 6191
84 6417
85 6496
86 6713
87 6795
88 7023
89 7120
90 7337
91 7444
92 7662
93 7758
94 7986
95 8095
96 8318
97 8434
98 8660
99 8780
100 9015
101 9150
102 9380
103 9514
104 9734
105 9874
106 10105
107 10261
108 10488
109 10628
110 10865
111 11024
112 11265
113 11426
114 11659
115 11834
116 12066
117 12241
118 12474
119 12662
120 12879
121 13074
122 13311
123 13518
124 13751
125 13942
126 14174
127 14387
128 14611
129 14896
130 15066
131 15348
132 15522
133 15815
134 15980
135 16285
136 16441
137 16757
138 16921
139 17240
140 17421
141 17734
142 17907
143 18229
144 18397
145 18741
146 18920
147 19259
148 19431
149 19786
150 19959
151 20323
152 20488
153 20856
154 21018
155 21390
156 21549
157 21922
158 22084
159 22484
160 22658
161 23072
162 23230
163 23634
164 23783
165 24201
166 24346
167 24814
168 24928
169 25376
170 25498
171 25998
172 26105
173 26611
174 26717
175 27218
176 27304
177 27842
178 27935
179 28462
180 28543
181 29103
182 29190
183 29743
184 29815
185 30396
186 30451
187 31044
188 31083
189 31695
190 31727
191 32375
192 32390
193 33109
194 33183
195 33915
196 33976
197 34704
198 34768
199 35500
200 35498
201 36198
202 36208
203 36881
204 36921
205 37573
206 37628
207 38287
208 38363
209 38992
210 39096
211 39748
212 39860
213 40487
214 40593
215 41231
216 41368
217 41979
218 42119
219 42738
220 42912
221 43517
222 43705
223 44294
224 44465
225 45063
226 45266
227 45848
228 46066
229 46639
230 46863
231 47460
232 47716
233 48288
234 48542
235 49088
236 49348
237 49913
238 50206
239 50757
240 51018
241 51582
242 51886
243 52454
244 52753
245 53299
246 53621
247 54169
248 54485
249 55028
250 55369
251 55877
252 56227
253 56774
254 57144
255 57679
256 58010
257 58540
258 58915
259 59425
260 59826
261 45102
262 60731
263 61019
264 61658
265 61926
266 62584
267 62832
268 63508
269 63767
270 64448
271 64736
272 65401
273 65668
274 66351
275 66606
276 67325
277 67597
278 68306
279 68560
280 69298
281 69548
282 70301
283 70535
284 71287
285 71516
286 72273
287 72497
288 73252
289 73475
290 74276
291 74523
292 75344
293 75558
294 76362
295 76559
296 77382
297 77569
298 78474
299 78609
300 79474
301 79624
302 80569
303 80689
304 81645
305 81763
306 82708
307 82791
308 83796
309 83889
310 84872
311 84941
312 85978
313 86057
314 87079
315 87127
316 88196
317 88212
