0 1
1 4
2 8
3 13
4 22
5 29
6 42
7 54
8 68
9 85
10 103
11 125
12 143
13 167
14 193
15 222
16 248
17 281
18 310
19 349
20 381
21 420
22 461
23 499
24 543
25 580
26 628
27 672
28 728
29 772
30 836
31 881
32 942
33 986
34 1056
35 1102
36 1190
37 1226
38 1314
39 1351
40 1463
41 1500
42 1613
43 1650
44 1764
45 1796
46 1924
47 1960
48 2088
49 2124
50 2264
51 2302
52 2443
53 2482
54 2632
55 2669
56 2826
57 2857
58 3023
59 3057
60 3237
61 3267
62 3482
63 3525
64 3748
65 3787
66 4016
67 4067
68 4308
69 4336
70 4589
71 4633
72 4878
73 4947
74 5191
75 5280
76 5535
77 5640
78 5885
79 6014
80 6281
81 6427
82 6685
83 6826
84 7106
85 7268
86 7548
87 7719
88 8023
89 8213
90 8516
91 8717
92 9030
93 9216
94 9553
95 9762
96 10095
97 10323
98 10671
99 10908
100 11267
101 11537
102 11898
103 12163
104 12514
105 12793
106 13168
107 13477
108 13853
109 14138
110 14529
111 14860
112 15257
113 15598
114 15986
115 16356
116 16746
117 17123
118 17516
119 17921
120 18283
121 18711
122 19114
123 19569
124 19969
125 20398
126 20799
127 21273
128 21660
129 22226
130 22566
131 23130
132 23474
133 24056
134 24378
135 24982
136 25283
137 25906
138 26220
139 26843
140 27186
141 27796
142 28117
143 28742
144 29048
145 29719
146 30043
147 30697
148 31003
149 31685
150 31991
151 32690
152 32970
153 33682
154 33950
155 34666
156 34926
157 35639
158 35906
159 36664
160 36952
161 37733
162 37990
163 38749
164 38987
165 39771
166 39992
167 40861
168 41022
169 41860
170 42030
171 42957
172 43112
173 44038
174 44190
175 45096
176 45212
177 46179
178 46310
179 47248
180 47363
181 48357
182 48476
183 49456
184 49549
185 50575
186 50638
187 51684
188 51708
189 52788
190 52799
191 53941
192 53918
193 55193
194 55247
195 56543
196 56568
197 57848
198 57860
199 59128
200 58988
201 60208
202 60072
203 61234
204 61113
205 62247
206 62126
207 63254
208 63146
209 64229
210 64142
211 65242
212 65142
213 66189
214 66088
215 67130
216 67062
217 68032
218 67955
219 68916
220 68891
221 69786
222 69792
223 70646
224 70625
225 71466
226 71473
227 72285
228 72285
229 73058
230 73057
231 73866
232 73873
233 74626
234 74641
235 75348
236 75357
237 76066
238 76098
239 76770
240 76762
241 77452
242 77444
243 78140
244 78107
245 78768
246 78741
247 79393
248 79339
249 79982
250 79934
251 80555
252 80482
253 81119
254 81045
255 81659
256 81544
257 82145
258 82049
259 82632
260 82532
261 143157
262 143715
263 144501
264 145071
265 145812
266 146397
267 147096
268 147693
269 148392
270 148977
271 149697
272 150249
