25521532421215354426564645652264266254654533465543
42412313512436323363342526242533336332252674336777
25435325133246432664564452265252634656274644566646
34243444416333435225454433252333255567364664466436
44521243543246363644543336442323543644376363335546
42125322354226453355536424265626575545354756533375
53135335645433432653553532643243557455475773363333
52131322223224662655423522223476675357375366545764
34421654325252644534234244535435444465476573335756
43254543563334445625342354447543375656755347773747
55362432336254362243344333633367346764334653674444
42466246256464225464533355775434643546546535345467
26524265366652652536636456356363433773733556756436
36453342335335433453667474745645773545474375735773
32656636532652563335556543755634665734636735757455
54425323346426664622743547667536337546467366764457
43345555364334364524746366466656535465636474747448
56443655242566243677534554433373555764463766764646
35446544664645454443663775655476773643757654854474
45466553336623233756644333773656734567588655455454
42354362322525374564634774536544633575784848684758
54423342665255336767776636676575337564867545677557
34443352434547467354433436757475753565486857685847
46423446334353333547535733465447656645674676855545
45453345243347674356463376337637648665788764848685
23646234466554557365463736637748487477855444645545
33523445234735636754563777353688488484875656564554
24245523536647664756574636763577468767876484868778
25236334567356775533536673776445487446846764656674
64426433455545635345755635374857876456855767855677
54643237733546474476656344858854884544644578666445
43254254564376677655435375857658846478684454676848
65265547557344663573775765576776745666566585645756
45245456475346433446654785587646766855685464469978
65626633746557443474445764444848786568758685865768
32634655444663647736377744486655876487857548885569
33627755466774635633366468888587665668584598655857
56465744337557656656588546874844778566877566888756
44247364774635335746668664755786467668755869896665
24657567745536546335648787544447654468485966996565
66566373374553466754875757878578667475887757565868
35334563643646333647766654546546447767867556768878
34445437474673477385645684884656778697979867656859
75756666344337773654587446844564886659989896689759
77537464755743534754487447854876787958868876968897
33647445343755677556477455445585548796978856958969
43643355747356447677678768578486465578779855686575
66334554436644554664867444676754596555976586756979
46733534673345665655678868457888587665785998855676
47664475446544468874455668847747678777988759869887
