255215324212153544265646456522
424123135124363233633425262425
254353251332464326645644522652
342434444163334352254544332523
445212435432463636445433364423
421253223542264533555364242656
531353356454334326535535326432
521313222232246626554235222234
344216543252526445342342445354
432545435633344456253423544475
553624323362543622433443336333
424662462564642254645333557754
265242653666526525366364563563
364533423353354334536674747456
326566365326525633355565437556
544253233464266646227435476675
433455553643343645247463664666
564436552425662436775345544333
354465446646454544436637756554
454665533366232337566443337736
423543623225253745646347745365
544233426652553367677766366765
344433524345474673544334367574
464234463343533335475357334654
454533452433476743564633763376
236462344665545573654637366377
335234452347356367545637773536
242455235366476647565746367635
252363345673567755335366737764
644264334555456353457556353748
